1
2
3
4
5
6
7
8
9
10
11
12
13
14
15
16
17
18
19
20
21
22
23
24
25
26
27
28
29
30
31
32
33
34
35
36
37
38
39
40
41
42
43
44
45
46
47
48
49
50
51
52
53
54
55
56
57
58
59
60
61
62
63
64
65
66
67
68
69
70
71
72
73
74
75
76
77
78
79
80
81
82
83
84
85
86
87
88
89
90
91
92
93
94
95
96
97
98
99
100
101
102
103
104
105
106
122
115
111
114
110
108
107
125
126
129
128
127
124
113
139
130
109
131
135
112
117
133
143
118
162
132
155
119
121
159
154
120
158
153
134
140
142
136
145
116
137
138
150
161
123
146
193
171
144
190
184
177
196
178
141
183
160
187
157
148
163
205
165
181
189
149
164
168
188
186
151
180
147
156
212
152
195
169
194
167
226
210
222
207
175
166
223
170
174
176
192
173
191
201
218
199
179
172
185
182
233
200
220
225
236
216
215
209
239
217
232
211
214
229
237
240
230
208
202
203
248
227
219
241
213
231
278
197
294
246
264
221
228
262
303
259
247
254
198
257
235
224
204
292
266
206
243
260
271
253
279
297
317
250
242
238
252
234
263
245
283
281
268
280
256
299
261
300
275
251
272
244
308
249
284
337
258
335
276
336
285
273
267
301
312
344
328
287
290
348
274
277
355
295
307
306
396
372
265
311
282
291
298
340
296
286
325
302
327
398
362
332
309
288
342
315
392
304
289
338
341
379
305
405
331
354
443
408
326
316
313
322
395
323
416
363
351
440
423
321
414
255
417
339
343
319
360
413
464
461
293
350
356
401
320
468
419
324
361
434
447
358
334
431
370
329
330
310
438
269
387
333
270
410
366
442
367
391
365
380
359
318
368
444
374
407
314
515
476
400
353
345
376
427
486
501
411
381
371
352
433
373
399
436
388
511
426
347
409
449
384
506
369
385
429
422
415
390
459
404
346
393
453
412
451
402
428
505
378
377
420
498
483
424
435
349
495
551
394
542
519
432
383
357
375
524
430
531
441
418
467
386
482
437
421
469
513
512
425
456
485
439
543
520
525
561
470
364
493
499
502
406
491
382
397
622
508
389
465
455
472
558
458
556
445
463
526
478
446
448
547
477
403
473
497
480
460
555
509
475
481
489
522
452
528
596
570
474
490
514
462
457
523
539
562
450
471
529
496
536
553
504
603
552
624
533
503
685
679
546
541
484
494
581
588
591
454
576
598
537
672
517
550
630
566
623
643
500
615
652
602
507
516
559
574
578
518
540
479
571
604
532
510
611
534
527
661
761
572
649
618
557
638
587
610
560
545
743
538
568
663
549
645
609
580
635
575
727
606
593
488
723
683
646
582
662
487
617
595
665
466
601
629
535
554
669
612
769
636
792
548
573
639
567
594
614
577
626
544
590
583
657
607
651
621
569
634
709
719
585
706
760
691
688
628
671
589
641
564
692
660
667
613
715
616
724
693
644
697
653
717
608
656
765
521
633
632
625
627
655
492
597
749
675
750
705
642
713
700
742
670
871
592
631
703
605
659
579
620
563
650
666
721
734
678
668
725
681
694
584
677
782
680
600
530
687
565
674
777
637
773
699
676
599
702
728
682
716
690
840
647
718
747
768
772
793
673
586
741
835
712
695
805
766
733
686
654
704
664
658
696
701
851
648
781
806
738
759
775
748
736
779
746
893
855
767
922
684
729
812
619
758
791
711
744
732
853
785
889
841
745
698
786
756
842
752
790
753
751
689
739
918
787
755
754
714
783
797
737
764
833
856
762
720
941
774
726
731
869
850
949
776
780
819
831
859
969
962
798
828
771
824
801
794
788
740
795
867
881
640
778
925
942
847
934
710
846
802
825
722
804
879
946
852
810
829
883
938
820
868
988
929
735
817
839
799
903
822
789
814
866
848
954
763
928
977
809
872
875
863
800
876
936
858
843
862
818
1011
832
827
821
816
757
888
985
887
813
878
864
874
884
895
894
896
897
898
830
885
900
899
901
902
904
905
909
906
907
908
910
911
912
914
913
915
916
837
770
986
803
933
849
917
1023
836
930
965
960
808
796
707
844
877
730
924
926
882
823
995
811
972
890
959
943
865
807
1015
931
838
970
1007
927
921
919
834
1040
974
923
860
976
961
857
990
1095
784
983
891
845
1065
880
947
1061
1001
973
957
987
968
920
956
978
1056
1100
1005
1012
997
708
873
982
1029
892
1082
815
870
1049
1024
1031
975
963
1128
953
979
935
826
861
1017
932
945
1086
951
1003
940
1037
1014
1077
1070
955
1009
1160
1127
1167
1035
1074
996
948
998
886
1032
1034
950
967
964
984
1097
1030
980
1080
999
1047
1010
944
952
993
1028
1042
994
1157
1069
1151
971
966
958
1041
1105
1025
1006
1053
1062
1046
1203
1050
1060
1099
1138
1008
989
854
1076
1033
1122
1059
1118
1038
1018
1004
1107
1016
1081
981
1135
1094
1000
992
1079
1208
1071
1058
1045
1124
1054
1068
1013
1104
1075
1022
1163
1098
1131
1154
1073
1130
1239
1002
1113
1088
1179
1027
1021
1152
1067
1110
1090
939
1078
1039
1063
1114
1120
1048
1115
1072
1117
1137
1019
1055
1026
1101
1093
1196
1125
1112
1169
1108
1106
1066
1156
1155
1087
1269
1084
1020
1083
1143
1231
1206
1159
1171
1064
1192
1218
991
1257
1216
937
1186
1092
1276
1280
1121
1036
1147
1207
1233
1258
1043
1139
1150
1136
1057
1085
1123
1129
1153
1089
1180
1212
1244
1141
1051
1158
1096
1091
1283
1132
1261
1188
1044
1318
1181
1133
1172
1119
1210
1178
1174
1126
1162
1176
1102
1213
1198
1052
1247
1195
1201
1168
1237
1134
1226
1307
1279
1103
1324
1177
1142
1205
1193
1277
1219
1165
1249
1217
1149
1200
1248
1268
1145
1146
1175
1359
1225
1235
1288
1309
1109
1161
1194
1240
1243
1209
1197
1191
1189
1254
1375
1275
1229
1262
1170
1228
1140
1230
1264
1116
1173
1319
1185
1325
1232
1256
1238
1222
1299
1331
1224
1385
1221
1246
1184
1220
1304
1302
1144
1347
1297
1295
1320
1111
1211
1164
1183
1303
1273
1316
1214
1227
1267
1215
1190
1281
1402
1367
1272
1266
1250
1251
1252
1311
1202
1245
1383
1282
1287
1234
1294
1265
1166
1306
1274
1314
1242
1204
1241
1326
1292
1421
1236
1429
1348
1371
1285
1355
1399
1379
1305
1291
1433
1263
1395
1308
1271
1335
1255
1352
1315
1293
1148
1182
1290
1343
1362
1339
1338
1386
1323
1286
1270
1298
1380
1369
1223
1317
1340
1353
1406
1391
1253
1389
1333
1417
1330
1260
1361
1349
1312
1414
1431
1301
1321
1372
1187
1289
1199
1444
1328
1310
1401
1360
1418
1358
1374
1354
1363
1284
1313
1428
1344
1396
1381
1366
1332
1456
1337
1351
1412
1472
1368
1427
1443
1300
1327
1278
1357
1459
1392
1377
1457
1410
1416
1350
1398
1322
1485
1341
1370
1345
1373
1404
1415
1382
1394
1342
1388
1329
1400
1461
1467
1468
1296
1470
1259
1432
1479
1453
1390
1447
1409
1454
1393
1478
1438
1507
1336
1473
1384
1378
1413
1455
1517
1408
1463
1518
1364
1365
1423
1482
1397
1524
1430
1405
1501
1376
1387
1471
1476
1407
1449
1346
1505
1425
1426
1403
1356
1445
1446
1411
1448
1537
1474
1464
1422
1540
1541
1434
1435
1436
1451
1437
1334
1452
1547
1493
1549
1500
1553
1460
1486
1530
1419
1420
1556
1533
1442
1532
1458
1488
1489
1560
1450
1491
1492
1571
1539
1440
1441
1439
1477
1465
1538
1462
1582
1526
1497
1529
1590
1503
1490
1469
1496
1484
1527
1534
1519
1520
1535
1555
1504
1594
1424
1557
1559
1511
1554
1572
1516
1531
1522
1499
1494
1495
1598
1510
1525
1545
1599
1487
1602
1591
1512
1548
1508
1558
1521
1618
1528
1481
1483
1596
1475
1536
1627
1542
1543
1544
1513
1514
1515
1546
1569
1573
1595
1633
1635
1616
1636
1466
1637
1480
1638
1629
1639
1583
1584
1498
1600
1502
1574
1575
1576
1577
1588
1578
1579
1580
1581
1506
1589
1509
1550
1551
1552
1626
1641
1642
1586
1643
1622
1612
1613
1614
1615
1617
1523
1620
1621
1634
1587
1597
1619
1628
1644
1631
1646
1561
1562
1563
1564
1565
1566
1567
1568
1603
1604
1605
1606
1570
1607
1608
1609
1610
1630
1611
1647
1640
1649
1650
1651
1623
1624
1625
1658
1669
1674
1675
1676
1677
1585
1592
1593
1648
1685
1686
1687
1688
1689
1690
1691
1692
1693
1694
1695
1696
1697
1698
1699
1700
1701
1702
1703
1704
1705
1706
1707
1708
1601
1709
1710
1632
1715
1659
1652
1653
1654
1655
1656
1657
1660
1661
1662
1663
1664
1665
1666
1667
1668
1670
1671
1672
1673
1678
1679
1713
1714
1645
1680
1681
1682
1683
1684
1711
1712
1716
1717
1718
1719
1736
1720
1795
1721
1796
1722
1797
1798
1723
1724
1725
1726
1799
1727
1728
1729
1730
1800
1731
1732
1733
1734
1735
1801
1802
1803
1737
1804
1738
1739
1740
1741
1742
1743
1805
1806
1744
1807
1745
1808
1746
1747
1809
1748
1810
1749
1811
1812
1813
1814
1750
1815
1816
1817
1751
1818
1819
1820
1821
1752
1753
1822
1823
1824
1754
1755
1756
1825
1826
1827
1828
1757
1829
1758
1759
1760
1761
1762
1830
1763
1764
1831
1832
1765
1833
1766
1834
1835
1767
1836
1837
1838
1768
1839
1769
1770
1771
1772
1840
1841
1773
1774
1775
1776
1842
1777
1778
1843
1779
1780
1844
1781
1782
1845
1846
1847
1783
1784
1785
1786
1787
1848
1788
1789
1790
1791
1792
1849
1793
1794
1853
1856
1859
1850
1860
1861
1862
1863
1864
1854
1855
1851
1852
1880
1887
1857
1868
1858
1869
1870
1888
1871
1872
1873
1874
1875
1876
1877
1878
1879
1865
1866
1889
1867
1890
1891
1892
1893
1894
1881
1882
1883
1895
1896
1884
1885
1897
1898
1899
1886
1900
1901
1902
1903
1904
1905
1906
1907
1908
1909
1910
1911
1912
1913
1914
1915
1916
1917
1918
1919
1920
1921
1922
1923
1924
1925
1926
1927
1928
1929
1930
1931
1932
1933
1934
1935
1936
1937
1938
1939
1940
1941
1942
1943
1944
1945
1946
1947
1948
1949
1950
1951
1952
1953
1956
1958
1954
1955
1959
1957
1960
1961