100
99.75
99.59
99.29
99.95
99.9
99.39
99.64
99.44
99.8
99.69
98.67
99.34
99.08
98.73
99.54
97.96
97.09
98.98
97.25
98.52
98.78
97.2
97.76
97.35
98.27
96.79
98.37
97.4
96.33
97.55
96.84
98.22
98.62
96.53
97.65
96.99
98.57
95.97
96.94
96.43
96.69
96.89
96.38
96.58
95.36
94.44
96.63
95.77
95.46
94.9
93.17
94.34
95.82
93.57
94.39
94.75
93.68
94.19
92.04
92.35
91.18
92.25
91.02
94.29
90.31
89.19
87.97
87.1
85.67
67.82
56.96
99.49
98.93
98.16
99.24
97.71
97.86
97.3
99.13
97.14
98.01
97.45
98.88
98.06
98.32
97.81
95.67
96.18
94.65
98.11
94.8
96.12
94.08
94.85
93.93
96.48
93.32
90.57
92.91
90.01
88.93
84.96
93.73
84.65
99.85
99.18
99.03
98.83
98.47
98.42
97.91
97.6
97.5
97.04
96.74
96.28
96.23
96.07
96.02
95.92
95.87
95.72
95.61
95.56
95.51
95.41
95.31
95.26
95.21
95.16
95.1
95.05
95
94.95
94.7
94.59
94.54
94.49
94.24
94.14
94.03
93.98
93.88
93.83
93.78
93.63
93.52
93.47
93.42
93.37
93.27
93.22
93.12
93.06
93.01
92.96
92.86
92.81
92.76
92.71
92.66
92.61
92.55
92.5
92.45
92.4
92.3
92.2
92.15
92.1
91.99
91.94
91.89
91.84
91.79
91.74
91.69
91.64
91.59
91.53
91.48
91.43
91.38
91.33
91.28
91.23
91.13
91.08
90.97
90.92
90.87
90.82
90.77
90.72
90.67
90.62
90.52
90.46
90.41
90.36
90.26
90.21
90.16
90.11
90.06
89.95
89.9
89.85
89.8
89.75
89.7
89.65
89.6
89.55
89.5
89.44
89.39
89.34
89.29
89.24
89.14
89.09
89.04
88.99
88.88
88.83
88.78
88.73
88.68
88.63
88.58
88.53
88.48
88.42
88.37
88.32
88.27
88.22
88.17
88.12
88.07
88.02
87.91
87.86
87.81
87.76
87.71
87.66
87.61
87.56
87.51
87.46
87.4
87.35
87.3
87.25
87.2
87.15
87.05
87
86.95
86.89
86.84
86.79
86.74
86.69
86.64
86.59
86.54
86.49
86.44
86.38
86.33
86.28
86.23
86.18
86.13
86.08
86.03
85.98
85.93
85.87
85.82
85.77
85.72
85.62
85.57
85.52
85.47
85.42
85.36
85.31
85.26
85.21
85.16
85.11
85.06
85.01
84.91
84.85
84.8
84.75
84.7
84.6
84.55
84.5
84.45
84.4
84.34
84.29
84.24
84.19
84.14
84.09
84.04
83.99
83.94
83.89
83.83
83.78
83.73
83.68
83.63
83.58
83.53
83.48
83.43
83.38
83.32
83.27
83.22
83.17
83.12
83.07
83.02
82.97
82.92
82.87
82.81
82.76
82.71
82.66
82.61
82.56
82.51
82.46
82.41
82.36
82.3
82.25
82.2
82.15
82.1
82.05
82
81.95
81.9
81.85
81.8
81.74
81.69
81.64
81.59
81.54
81.49
81.44
81.39
81.34
81.29
81.23
81.18
81.13
81.08
81.03
80.98
80.93
80.88
80.83
80.78
80.72
80.67
80.62
80.57
80.52
80.47
80.42
80.37
80.32
80.27
80.21
80.16
80.11
80.06
80.01
79.96
79.91
79.86
79.81
79.76
79.7
79.65
79.6
79.55
79.5
79.45
79.4
79.35
79.3
79.25
79.19
79.14
79.09
79.04
78.99
78.94
78.89
78.84
78.79
78.74
78.68
78.63
78.58
78.53
78.48
78.43
78.38
78.33
78.28
78.23
78.17
78.12
78.07
78.02
77.97
77.92
77.87
77.82
77.77
77.72
77.66
77.61
77.56
77.51
77.46
77.41
77.36
77.31
77.26
77.21
77.15
77.1
77.05
77
76.95
76.9
76.85
76.8
76.75
76.7
76.64
76.59
76.54
76.49
76.44
76.39
76.34
76.29
76.24
76.19
76.13
76.08
76.03
75.98
75.93
75.88
75.83
75.78
75.73
75.68
75.62
75.57
75.52
75.47
75.42
75.37
75.32
75.27
75.22
75.17
75.11
75.06
75.01
74.96
74.91
74.86
74.81
74.76
74.71
74.66
74.6
74.55
74.5
74.45
74.4
74.35
74.3
74.25
74.2
74.15
74.09
74.04
73.99
73.94
73.89
73.84
73.79
73.74
73.69
73.64
73.58
73.53
73.48
73.43
73.38
73.33
73.28
73.23
73.18
73.13
73.07
73.02
72.97
72.92
72.87
72.82
72.77
72.72
72.67
72.62
72.57
72.51
72.46
72.41
72.36
72.31
72.26
72.21
72.16
72.11
72.06
72
71.95
71.9
71.85
71.8
71.75
71.7
71.65
71.6
71.55
71.49
71.44
71.39
71.34
71.29
71.24
71.19
71.14
71.09
71.04
70.98
70.93
70.88
70.83
70.78
70.73
70.68
70.63
70.58
70.53
70.47
70.42
70.37
70.32
70.27
70.22
70.17
70.12
70.07
70.02
69.96
69.91
69.86
69.81
69.76
69.71
69.66
69.61
69.56
69.51
69.45
69.4
69.35
69.3
69.25
69.2
69.15
69.1
69.05
69
68.94
68.89
68.84
68.79
68.74
68.69
68.64
68.59
68.54
68.49
68.43
68.38
68.33
68.28
68.23
68.18
68.13
68.08
68.03
67.98
67.92
67.87
67.77
67.72
67.67
67.62
67.57
67.52
67.47
67.41
67.36
67.31
67.26
67.21
67.16
67.11
67.06
67.01
66.96
66.9
66.85
66.8
66.75
66.7
66.65
66.6
66.55
66.5
66.45
66.39
66.34
66.29
66.24
66.19
66.14
66.09
66.04
65.99
65.94
65.88
65.83
65.78
65.73
65.68
65.63
65.58
65.53
65.48
65.43
65.37
65.32
65.27
65.22
65.17
65.12
65.07
65.02
64.97
64.92
64.86
64.81
64.76
64.71
64.66
64.61
64.56
64.51
64.46
64.41
64.35
64.3
64.25
64.2
64.15
64.1
64.05
64
63.95
63.9
63.84
63.79
63.74
63.69
63.64
63.59
63.54
63.49
63.44
63.39
63.34
63.28
63.23
63.18
63.13
63.08
63.03
62.98
62.93
62.88
62.83
62.77
62.72
62.67
62.62
62.57
62.52
62.47
62.42
62.37
62.32
62.26
62.21
62.16
62.11
62.06
62.01
61.96
61.91
61.86
61.81
61.75
61.7
61.65
61.6
61.55
61.5
61.45
61.4
61.35
61.3
61.24
61.19
61.14
61.09
61.04
60.99
60.94
60.89
60.84
60.79
60.73
60.68
60.63
60.58
60.53
60.48
60.43
60.38
60.33
60.28
60.22
60.17
60.12
60.07
60.02
59.97
59.92
59.87
59.82
59.77
59.71
59.66
59.61
59.56
59.51
59.46
59.41
59.36
59.31
59.26
59.2
59.15
59.1
59.05
59
58.95
58.9
58.85
58.8
58.75
58.69
58.64
58.59
58.54
58.49
58.44
58.39
58.34
58.29
58.24
58.18
58.13
58.08
58.03
57.98
57.93
57.88
57.83
57.78
57.73
57.67
57.62
57.57
57.52
57.47
57.42
57.37
57.32
57.27
57.22
57.16
57.11
57.06
57.01
56.91
56.86
56.81
56.76
56.71
56.65
56.6
56.55
56.5
56.45
56.4
56.35
56.3
56.25
56.2
56.14
56.09
56.04
55.99
55.94
55.89
55.84
55.79
55.74
55.69
55.63
55.58
55.53
55.48
55.43
55.38
55.33
53.34
52.22
48.9
31.31
14.48
54.77
54.56
53.85
53.14
51.35
51.2
50.89
50.84
49.77
48.29
46.46
42.27
37.99
36.31
34.93
28.1
26.67
21.01
20.4
55.28
55.23
55.18
55.12
55.07
55.02
54.97
54.92
54.87
54.82
54.72
54.67
54.61
54.51
54.46
54.41
54.36
54.31
54.26
54.21
54.16
54.11
54.05
54
53.95
53.9
53.8
53.75
53.7
53.65
53.6
53.54
53.49
53.44
53.39
53.29
53.24
53.19
53.09
53.03
52.98
52.93
52.88
52.83
52.78
52.73
52.68
52.63
52.58
52.52
52.47
52.42
52.37
52.32
52.27
52.17
52.12
52.07
52.01
51.96
51.91
51.86
51.81
51.76
51.71
51.66
51.61
51.56
51.5
51.45
51.4
51.3
51.25
51.15
51.1
51.05
50.99
50.94
50.79
50.74
50.69
50.64
50.59
50.54
50.48
50.43
50.38
50.33
50.28
50.23
50.18
50.13
50.08
50.03
49.97
49.92
49.87
49.82
49.72
49.67
49.62
49.57
49.52
49.46
49.41
49.36
49.31
49.26
49.21
49.16
49.11
49.06
49.01
48.95
48.85
48.8
48.75
48.7
48.65
48.6
48.55
48.5
48.44
48.39
48.34
48.24
48.19
48.14
48.09
48.04
47.99
47.93
47.88
47.83
47.78
47.73
47.68
47.63
47.58
47.53
47.48
47.42
47.37
47.32
47.27
47.22
47.17
47.12
47.07
47.02
46.97
46.91
46.86
46.81
46.76
46.71
46.66
46.61
46.56
46.51
46.4
46.35
46.3
46.25
46.2
46.15
46.1
46.05
46
45.95
45.89
45.84
45.79
45.74
45.69
45.64
45.59
45.54
45.49
45.44
45.39
45.33
45.28
45.23
45.18
45.13
45.08
45.03
44.98
44.93
44.88
44.82
44.77
44.72
44.67
44.62
44.57
44.52
44.47
44.42
44.37
44.31
44.26
44.21
44.16
44.11
44.06
44.01
43.96
43.91
43.86
43.8
43.75
43.7
43.65
43.6
43.55
43.5
43.45
43.4
43.35
43.29
43.24
43.19
43.14
43.09
43.04
42.99
42.94
42.89
42.84
42.78
42.73
42.68
42.63
42.58
42.53
42.48
42.43
42.38
42.33
42.22
42.17
42.12
42.07
42.02
41.97
41.92
41.87
41.82
41.76
41.71
41.66
41.61
41.56
41.51
41.46
41.41
41.36
41.31
41.25
41.2
41.15
41.1
41.05
41
40.95
40.9
40.85
40.8
40.74
40.69
40.64
40.59
40.54
40.49
40.44
40.39
40.34
40.29
40.23
40.18
40.13
40.08
40.03
39.98
39.93
39.88
39.83
39.78
39.72
39.67
39.62
39.57
39.52
39.47
39.42
39.37
39.32
39.27
39.21
39.16
39.11
39.06
39.01
38.96
38.91
38.86
38.81
38.76
38.7
38.65
38.6
38.55
38.5
38.45
38.4
38.35
38.3
38.25
38.19
38.14
38.09
38.04
37.94
37.89
37.84
37.79
37.74
37.68
37.63
37.58
37.53
37.48
37.43
37.38
37.33
37.28
37.23
37.17
37.12
37.07
37.02
36.97
36.92
36.87
36.82
36.77
36.72
36.66
36.61
36.56
36.51
36.46
36.41
36.36
36.26
36.21
36.16
36.1
36.05
36
35.95
35.9
35.85
35.8
35.75
35.7
35.65
35.59
35.54
35.49
35.44
35.39
35.34
35.29
35.24
35.19
35.14
35.08
35.03
34.98
34.88
34.83
34.78
34.73
34.68
34.63
34.57
34.52
34.47
34.42
34.37
34.32
34.27
34.22
34.17
34.12
34.06
34.01
33.96
33.91
33.86
33.81
33.76
33.71
33.66
33.61
33.55
33.5
33.45
33.4
33.35
33.3
33.25
33.2
33.15
33.1
33.04
32.99
32.94
32.89
32.84
32.79
32.74
32.69
32.64
32.59
32.53
32.48
32.43
32.38
32.33
32.28
32.23
32.18
32.13
32.08
32.02
31.97
31.92
31.87
31.82
31.77
31.72
31.67
31.62
31.57
31.51
31.46
31.41
31.36
31.26
31.21
31.16
31.11
31.06
31
30.95
30.9
30.85
30.8
30.75
30.7
30.65
30.6
30.55
30.49
30.44
30.39
30.34
30.29
30.24
30.19
30.14
30.09
30.04
29.98
29.93
29.88
29.83
29.78
29.73
29.68
29.63
29.58
29.53
29.47
29.42
29.37
29.32
29.27
29.22
29.17
29.12
29.07
29.02
28.96
28.91
28.86
28.81
28.76
28.71
28.66
28.61
28.56
28.51
28.45
28.4
28.35
28.3
28.25
28.2
28.15
28.05
28
27.94
27.89
27.84
27.79
27.74
27.69
27.64
27.59
27.54
27.49
27.43
27.38
27.33
27.28
27.23
27.18
27.13
27.08
27.03
26.98
26.93
26.87
26.82
26.77
26.72
26.62
26.57
26.52
26.47
26.42
26.36
26.31
26.26
26.21
26.16
26.11
26.06
26.01
25.96
25.91
25.85
25.8
25.75
25.7
25.65
25.6
25.55
25.5
25.45
25.4
25.34
25.29
25.24
25.19
25.14
25.09
25.04
24.99
24.94
24.89
24.83
24.78
24.73
24.68
24.63
24.58
24.53
24.48
24.43
24.38
24.32
24.27
24.22
24.17
24.12
24.07
24.02
23.97
23.92
23.87
23.81
23.76
23.71
23.66
23.61
23.56
23.51
23.46
23.41
23.36
23.3
23.25
23.2
23.15
23.1
23.05
23
22.95
22.9
22.85
22.79
22.74
22.69
22.64
22.59
22.54
22.49
22.44
22.39
22.34
22.28
22.23
22.18
22.13
22.08
22.03
21.98
21.93
21.88
21.83
21.77
21.72
21.67
21.62
21.57
21.52
21.47
21.42
21.37
21.32
21.26
21.21
21.16
21.11
21.06
20.96
20.91
20.86
20.81
20.75
20.7
20.65
20.6
20.55
20.5
20.45
20.35
20.3
20.24
20.19
20.14
20.09
20.04
19.99
19.94
19.89
19.84
19.79
19.73
19.68
19.63
19.58
19.53
19.48
19.43
19.38
19.33
19.28
19.22
19.17
19.12
19.07
19.02
18.97
18.92
18.87
18.82
18.77
18.71
18.66
18.61
18.56
18.51
18.46
18.41
18.36
18.31
18.26
18.2
18.15
18.1
18.05
18
17.95
17.9
17.85
17.8
17.75
17.7
17.64
17.59
17.54
17.49
17.44
17.39
17.34
17.29
17.24
17.19
17.13
17.08
17.03
16.98
16.93
16.88
16.83
16.78
16.73
16.68
16.62
16.57
16.52
16.47
16.42
16.37
16.32
16.27
16.22
16.17
16.11
16.06
16.01
15.96
15.91
15.86
15.81
15.76
15.71
15.66
15.6
15.55
15.5
15.45
15.4
15.35
15.3
15.25
15.2
15.15
15.09
15.04
14.99
14.94
14.89
14.84
14.79
14.74
14.69
14.64
14.58
14.53
14.43
14.38
14.33
14.28
14.23
14.18
14.13
14.07
14.02
13.97
13.92
13.87
13.82
13.77
13.72
13.67
13.62
13.56
13.51
13.46
13.41
13.36
13.31
13.26
13.21
13.16
13.11
13.05
13
12.95
12.9
12.85
12.8
12.75
12.7
12.65
12.6
12.54
12.49
12.44
12.39
12.34
12.29
12.24
12.19
12.14
12.09
12.03
11.98
11.93
11.88
11.83
11.78
11.73
11.68
11.63
11.58
11.52
11.47
11.42
11.37
11.32
11.27
11.22
11.17
11.12
11.07
11.01
10.96
10.91
10.86
10.81
10.76
10.71
10.66
10.61
10.56
10.5
10.45
10.4
10.35
10.3
10.25
10.2
10.15
10.1
10.05
9.99
9.94
9.89
9.84
9.79
9.74
9.69
9.64
9.59
9.54
9.48
9.43
9.38
9.33
9.28
9.23
9.18
9.13
9.08
9.03
8.98
8.92
8.87
8.82
8.77
8.72
8.67
8.62
8.57
8.52
8.47
8.41
8.36
8.31
8.26
8.21
8.16
8.11
8.06
8.01
7.96
7.9
7.85
7.8
7.75
7.7
7.65
7.6
7.55
7.5
7.45
7.39
7.34
7.29
7.24
7.19
7.14
7.09
7.04
6.99
6.94
6.88
6.83
6.78
6.73
6.68
6.63
6.58
6.53
6.48
6.43
6.37
6.32
6.27
6.22
6.17
6.12
6.07
6.02
5.97
5.92
5.86
5.81
5.76
5.71
5.66
5.61
5.56
5.51
5.46
5.41
5.35
5.3
5.25
5.2
5.15
5.1
5.05
5
4.95
4.9
4.84
4.79
4.74
4.69
4.64
4.59
4.54
4.49
4.44
4.39
4.33
4.28
4.23
4.18
4.13
4.08
4.03
3.98
3.93
3.88
3.82
3.77
3.72
3.67
3.62
3.57
3.52
3.47
3.42
3.37
3.31
3.26
3.21
3.16
3.11
3.06
3.01
2.96
2.91
2.86
2.8
2.75
2.7
2.65
2.6
2.55
2.5
2.45
2.4
2.35
2.29
2.24
2.19
2.14
2.09
2.04
1.99
1.94
1.89
1.84
1.78
1.73
1.68
1.63
1.58
1.53
1.48
1.43
1.38
1.33
1.27
1.22
1.17
1.12
1.07
1.02
0.97
0.92
0.87
0.82
0.76
0.71
0.66
0.61
0.56
0.51
0.46
0.41
0.36
0.31
0.25
0.2
0.15
0.1
0.05