100
99.95
99.9
99.85
99.8
99.75
99.69
99.64
99.59
99.54
99.49
99.44
99.39
99.34
99.29
99.24
99.18
99.13
99.08
99.03
98.98
98.93
98.88
98.83
98.78
98.73
98.67
98.62
98.57
98.52
98.47
98.42
98.37
98.32
98.27
98.22
98.16
98.11
98.06
98.01
97.96
97.91
97.86
97.81
97.76
97.71
97.65
97.6
97.55
97.5
97.45
97.4
97.35
97.3
97.25
97.2
97.14
97.09
97.04
96.99
96.94
96.89
96.84
96.79
96.74
96.69
96.63
96.58
96.53
96.48
96.43
96.38
96.33
96.28
96.23
96.18
96.12
96.07
96.02
95.97
95.92
95.87
95.82
95.77
95.72
95.67
95.61
95.56
95.51
95.46
95.41
95.36
95.31
95.26
95.21
95.16
95.1
95.05
95
94.95
94.9
94.85
94.8
94.75
94.7
94.65
93.83
94.19
94.39
94.24
94.44
94.54
94.59
93.68
93.63
93.47
93.52
93.57
93.73
94.29
92.96
93.42
94.49
93.37
93.17
94.34
94.08
93.27
92.76
94.03
91.79
93.32
92.15
93.98
93.88
91.94
92.2
93.93
91.99
92.25
93.22
92.91
92.81
93.12
92.66
94.14
93.06
93.01
92.4
91.84
93.78
92.61
90.21
91.33
92.71
90.36
90.67
91.02
90.06
90.97
92.86
90.72
91.89
90.52
92.04
92.5
91.74
89.6
91.64
90.82
90.41
92.45
91.69
91.48
90.46
90.57
92.35
90.87
92.55
92.1
89.24
92.3
90.11
91.43
90.16
91.53
88.53
89.34
88.73
89.5
91.13
91.59
88.68
91.38
91.18
91.08
90.26
91.23
90.31
89.8
88.93
89.9
90.92
91.28
90.62
90.77
88.17
89.85
88.83
88.58
88.02
89.04
89.09
89.39
87.86
88.99
88.22
89.29
89.14
88.37
87.97
87.81
88.32
89.44
89.75
89.7
87.4
88.48
88.88
87.76
89.19
88.27
85.87
90.01
85.06
87.51
86.59
88.78
88.42
86.69
84.6
86.84
87.46
87.1
89.95
86.95
88.07
88.63
89.65
85.16
86.49
89.55
87.66
86.79
86.23
87.15
85.82
84.91
83.89
87.3
87.71
87.91
87.2
88.12
86.64
87.56
85.62
85.72
86.38
85.77
87
84.8
86.74
84.75
86.03
87.25
86.18
87.61
84.34
87.35
85.57
82.87
86.89
82.97
85.98
82.92
85.52
86.13
86.44
84.7
84.14
82.51
83.32
85.42
85.26
82.3
86.08
85.93
81.95
85.01
84.4
84.45
79.86
81.08
86.54
84.19
85.67
85.21
84.85
82.71
84.96
85.47
83.48
84.65
83.38
79.76
81.59
83.12
84.29
85.36
82.61
83.99
80.06
84.55
85.31
82.81
82.66
80.72
84.5
79.4
83.17
82
77.46
79.25
83.43
83.94
84.09
83.63
79.91
83.58
78.84
81.54
82.15
77.61
78.48
83.68
78.94
87.05
78.79
82.76
82.56
83.78
81.69
78.99
76.39
76.54
85.11
82.2
81.9
79.6
83.73
76.19
78.68
83.53
81.64
77.92
77.26
81.8
83.02
78.07
81.18
83.27
83.22
84.24
77.72
86.33
80.32
83.07
86.28
79.14
81.39
77.51
81.34
80.11
81.44
80.67
81.74
83.83
81.29
77.41
80.98
79.3
84.04
73.79
75.78
79.65
82.05
82.46
80.88
78.28
75.27
74.5
79.09
80.62
81.13
82.1
77.97
81.03
79.7
77.82
80.27
73.99
78.33
82.36
79.19
77.15
80.47
74.25
81.23
80.42
78.17
78.53
78.89
80.16
76.64
79.45
82.41
80.01
76.95
79.04
77.05
79.55
78.23
74.3
80.78
80.83
78.63
74.66
75.42
78.43
77.87
82.25
74.81
71.95
79.96
72.41
73.58
78.02
80.52
81.85
80.93
73.33
78.12
72.97
77.56
78.74
76.24
80.37
75.47
77.77
78.58
76.13
73.89
73.94
78.38
76.8
75.32
77.66
72.36
73.53
73.28
71.44
76.08
81.49
74.91
74.6
74.45
79.35
75.01
80.57
79.81
68.33
74.15
80.21
76.34
76.85
75.98
71.6
76.7
71.7
77.36
76.44
73.23
75.68
77.31
77.21
72.16
75.73
79.5
75.93
74.71
75.57
76.59
71.75
74.09
75.83
75.52
75.11
73.43
77
73.13
69.66
70.98
75.88
75.06
73.84
76.49
76.75
73.38
72.57
71.39
77.1
76.03
73.07
74.76
72.72
71.85
74.35
69.3
71.9
68.23
72.87
74.4
65.12
65.43
72.21
72.46
75.37
74.86
70.42
70.07
69.91
76.9
70.68
69.56
72.67
65.78
73.69
72
67.92
71.19
68.28
67.26
74.55
68.69
66.8
69.35
74.2
73.74
71.55
70.78
70.58
73.64
72.51
75.62
70.93
69.25
72.92
74.04
68.89
72.82
73.18
66.34
61.24
70.88
66.96
68.54
71.65
67.52
70.12
68.94
71.49
72.26
62.16
72.62
71.09
66.24
72.06
67.16
69
70.47
67.67
70.73
62.98
69.15
69.81
75.17
63.18
65.22
67.11
70.37
66.29
75.22
68.59
69.71
66.14
76.29
69.4
67.98
72.77
71.8
65.94
68.84
60.84
67.62
59.66
72.11
70.83
67.47
71.14
69.76
68.74
70.63
68.13
72.31
69.96
70.32
66.55
69.1
66.85
68.38
71.04
67.72
63.9
63.39
70.22
64.05
61.3
64.81
64.97
68.03
65.83
70.02
67.36
71.29
64.76
66.39
66.04
68.79
63.59
68.64
63.13
64.71
67.21
64.51
66.75
63.49
69.05
66.6
61.04
73.48
67.77
67.82
68.18
68.08
66.65
74.96
69.61
61.86
65.63
61.81
64.1
67.31
63.69
64.35
62.21
65.88
55.63
69.86
67.87
64.2
69.2
66.45
70.53
68.43
71.34
66.9
66.09
63.28
62.62
65.48
65.99
63.08
65.32
64.66
70.27
65.53
60.17
65.37
69.45
73.02
65.02
71.24
65.68
60.43
67.57
60.63
64.41
65.58
69.51
64.25
62.93
65.27
63.54
64.86
57.22
67.06
63.44
61.96
60.89
60.68
59.61
65.73
70.17
62.26
57.47
63.74
64.61
59
60.99
62.67
65.07
66.7
64.15
66.19
66.5
64.56
64.3
56.65
67.01
60.22
58.95
62.42
61.35
60.53
61.91
62.52
60.33
62.01
54.51
56.45
60.94
53.03
65.17
62.88
58.64
68.49
61.4
59.71
63.79
62.11
62.72
56.55
60.02
54.72
57.16
62.06
64.46
59.97
61.5
57.11
61.7
59.77
61.65
61.75
64.92
62.37
53.24
59.92
61.55
61.6
63.64
60.12
59.41
62.47
61.09
57.57
56.4
61.19
63.34
52.07
60.58
63.03
62.77
55.74
56.71
51.66
60.48
60.28
58.29
57.67
56.25
50.64
50.99
59.36
57.83
60.73
58.03
59.2
59.56
59.87
62.32
59.51
55.84
55.12
67.41
60.38
52.88
52.01
56.86
52.42
63.84
56.91
59.15
57.98
63.23
59.05
55.23
51.81
56.6
58.75
57.78
55.02
52.22
58.24
55.79
49.67
52.68
62.57
58.39
57.27
59.31
54
58.13
59.82
58.54
55.89
56.81
51.4
61.14
52.73
50.23
58.8
55.58
55.43
56.04
59.26
55.38
52.32
56.3
57.06
56.09
58.34
48.5
57.62
57.88
58.18
58.44
61.45
54.77
49.82
54.82
58.59
55.28
55.99
55.48
54.97
54.41
54.46
54.36
54.31
54.26
57.73
54.92
54.16
54.21
54.11
54.05
53.95
53.9
53.7
53.85
53.8
53.75
53.65
53.6
53.54
53.44
53.49
53.39
53.34
57.37
60.79
49.77
59.1
52.47
56.76
53.29
47.88
57.42
52.63
50.84
51.1
58.85
59.46
64
57.01
55.33
62.83
52.93
52.83
55.07
58.08
49.31
58.69
50.48
54.67
51.15
51.96
55.94
58.9
48.29
52.58
57.32
50.59
48.7
52.78
53.09
53.19
57.52
47.02
50.38
52.98
56.2
50.28
51.05
56.35
49.57
44.21
60.07
49.92
54.61
56.96
45.74
55.18
51.76
45.95
49.01
50.43
51.25
49.72
50.69
53.14
51.3
50.18
46.2
43.96
48.8
48.44
49.21
63.95
55.53
49.97
47.58
54.56
44.88
58.49
55.69
46.56
47.83
47.48
50.33
50.94
42.53
51.45
50.13
52.37
57.93
56.14
48.19
52.52
51.86
44.67
51.56
48.9
52.12
47.17
48.34
45.13
45.49
51.35
48.6
40.9
42.58
40.54
47.27
45.28
49.26
51.71
49.16
54.87
47.42
47.32
51.61
50.74
50.89
49.87
44.11
47.53
50.08
44.98
49.11
46.66
48.55
51.91
51.5
49.41
47.63
46.91
49.36
41.05
45.54
41.36
50.54
50.79
51.2
46.97
43.7
47.78
48.75
46.35
45.89
46.71
38.7
46.51
46
44.01
42.02
48.65
49.62
56.5
45.18
47.37
42.84
46.05
43.04
47.12
48.14
48.85
43.6
48.24
44.93
50.03
42.17
44.26
49.06
49.46
45.03
38.45
45.44
46.1
46.76
42.73
46.3
45.59
48.39
43.75
45.23
47.93
40.74
44.06
42.38
41.2
45.33
42.43
36.87
48.95
43.29
44.57
39.93
47.68
47.99
41.31
45.64
43.45
44.47
52.17
45.08
47.07
45.84
43.24
42.94
46.61
43.19
45.39
43.09
42.07
48.09
46.25
47.73
43.91
44.31
39.06
42.68
43.35
40.44
43.55
43.65
45.69
41.1
41.15
44.62
35.34
44.77
48.04
44.82
41.76
37.28
38.55
40.95
40.34
45.79
39.27
37.94
49.52
35.95
38.04
52.27
39.57
44.37
34.98
34.78
42.89
47.22
41.56
38.5
37.17
35.9
46.86
41.97
41.41
42.12
46.15
44.72
42.78
42.48
41.25
44.52
39.88
38.25
36.61
41.87
46.46
41
44.16
44.42
34.63
42.33
35.75
39.47
46.81
32.84
39.83
42.27
40.29
42.99
38.35
39.98
40.18
42.63
40.8
40.08
43.86
38.19
38.96
46.4
36.46
39.11
38.81
40.49
36.97
42.22
37.53
33.4
34.83
43.8
32.53
40.03
41.82
38.6
39.21
34.93
37.89
40.64
36.36
37.99
41.46
38.86
36.41
35.39
41.66
41.61
40.13
30.75
37.58
37.07
34.37
33.3
43.5
40.85
39.16
36.82
36.66
38.4
39.01
39.32
39.42
36.1
29.93
35.03
37.38
35.7
40.39
37.43
41.92
37.33
35.59
43.14
40.23
32.79
39.62
32.48
37.23
36
36.92
37.74
33.81
32.18
37.63
29.42
37.79
36.51
39.67
37.84
33.55
33.66
41.71
31.36
33.91
34.01
32.74
43.4
38.3
40.69
39.72
33.61
35.14
32.94
38.14
37.48
35.44
38.09
39.37
34.73
28.56
30.34
35.19
35.49
36.31
36.26
36.21
33.2
38.76
36.56
29.53
34.68
34.42
37.12
34.06
35.54
40.59
33.45
35.08
33.04
36.72
38.65
36.77
32.43
34.17
27.59
37.02
27.18
31.31
30.14
34.52
30.95
28.71
29.73
33.5
34.22
26.98
35.65
28.91
33.35
35.24
31.97
36.05
31.11
32.99
34.12
41.51
39.78
34.27
31.57
30.6
31.77
31.82
29.37
32.59
34.47
35.29
33.86
29.68
30.24
37.68
32.89
31.72
31.06
28.35
29.12
36.16
29.22
32.08
27.79
32.23
35.8
30.65
31.26
33.15
27.94
27.08
33.71
32.69
30.09
39.52
34.32
38.91
26.42
32.33
33.25
28.61
30.7
27.74
30.8
29.98
31
30.55
34.57
33.1
27.23
31.51
28.86
29.63
30.39
32.13
25.8
31.87
31.16
28.05
24.99
30.29
27.28
26.47
33.76
32.38
34.88
30.85
25.65
29.07
29.83
25.75
28.15
27.84
31.21
28.76
32.64
24.32
31.67
30.19
31.46
30.04
28.45
27.89
29.58
28.96
31.62
29.27
32.28
28.66
25.55
25.24
25.19
33.96
25.09
35.85
27.03
24.63
25.96
29.17
26.26
28.2
25.91
29.02
24.68
26.72
23.2
31.92
24.94
29.47
29.78
28
25.85
22.69
28.25
25.45
22.64
30.49
30.44
27.49
24.48
28.81
22.34
27.13
28.4
23.51
29.88
29.32
25.04
24.78
28.3
26.16
31.41
23.3
27.38
27.33
28.51
30.9
26.36
26.31
28.1
26.21
21.67
24.89
25.4
27.54
21.52
21.47
26.93
26.87
26.82
26.06
26.77
32.02
26.01
21.16
23.92
21.06
23.56
20.86
25.6
24.27
22.03
27.69
27.64
20.7
21.88
26.52
21.93
25.7
24.17
24.12
20.5
26.11
24.02
23.97
19.94
21.57
26.62
26.57
26.67
24.73
25.34
21.62
25.5
19.38
22.23
23.71
22.08
18.97
23.41
24.07
25.14
23.76
24.38
22.18
21.83
22.59
22.54
21.77
20.75
23.36
18.77
27.43
20.65
20.55
23
20.81
19.89
22.74
21.98
22.44
23.61
23.87
23.81
18.56
23.05
22.28
21.26
18.51
24.22
18.36
18.92
22.95
21.11
23.15
20.6
22.49
17.54
22.13
24.53
24.43
18.66
24.83
21.72
17.08
21.42
21.37
21.32
22.9
22.85
22.79
21.21
20.04
19.84
18.71
16.78
16.68
17.64
16.62
25.29
16.57
24.58
16.52
16.98
16.47
19.33
19.28
23.66
18.46
23.46
19.79
19.73
19.68
19.63
19.07
19.58
19.53
19.48
19.43
23.25
19.02
23.1
21.01
20.96
20.91
17.13
16.37
16.32
19.17
16.27
17.34
17.85
17.8
17.75
17.7
17.59
22.39
17.44
17.39
16.73
19.12
18.61
17.49
17.03
16.22
16.88
16.11
20.45
20.4
20.35
20.3
20.24
20.19
20.14
20.09
18.31
18.26
18.2
18.15
19.99
18.1
18.05
18
17.95
16.93
17.9
16.06
16.42
15.96
15.91
15.86
17.29
17.24
17.19
15.5
14.94
14.69
14.64
14.58
14.53
19.22
18.87
18.82
16.01
14.13
14.07
14.02
13.97
13.92
13.87
13.82
13.77
13.72
13.67
13.62
13.56
13.51
13.46
13.41
13.36
13.31
13.26
13.21
13.16
13.11
13.05
13
12.95
18.41
12.9
12.85
16.83
12.6
15.45
15.81
15.76
15.71
15.66
15.6
15.55
15.4
15.35
15.3
15.25
15.2
15.15
15.09
15.04
14.99
14.89
14.84
14.79
14.74
14.48
14.43
12.7
12.65
16.17
14.38
14.33
14.28
14.23
14.18
12.8
12.75
12.54
12.49
12.44
12.39
11.52
12.34
8.52
12.29
8.47
12.24
8.41
8.36
12.19
12.14
12.09
12.03
8.31
11.98
11.93
11.88
11.83
8.26
11.78
11.73
11.68
11.63
11.58
8.21
8.16
8.11
11.47
8.06
11.42
11.37
11.32
11.27
11.22
11.17
8.01
7.96
11.12
7.9
11.07
7.85
11.01
10.96
7.8
10.91
7.75
10.86
7.7
7.65
7.6
7.55
10.81
7.5
7.45
7.39
10.76
7.34
7.29
7.24
7.19
10.71
10.66
7.14
7.09
7.04
10.61
10.56
10.5
6.99
6.94
6.88
6.83
10.45
6.78
10.4
10.35
10.3
10.25
10.2
6.73
10.15
10.1
6.68
6.63
10.05
6.58
9.99
6.53
6.48
9.94
6.43
6.37
6.32
9.89
6.27
9.84
9.79
9.74
9.69
6.22
6.17
9.64
9.59
9.54
9.48
6.12
9.43
9.38
6.07
9.33
9.28
6.02
9.23
9.18
5.97
5.92
5.86
9.13
9.08
9.03
8.98
8.92
5.81
8.87
8.82
8.77
8.72
8.67
5.76
8.62
8.57
5.56
5.41
5.25
5.71
5.2
5.15
5.1
5.05
5
5.51
5.46
5.66
5.61
4.18
3.82
5.35
4.79
5.3
4.74
4.69
3.77
4.64
4.59
4.54
4.49
4.44
4.39
4.33
4.28
4.23
4.95
4.9
3.72
4.84
3.67
3.62
3.57
3.52
3.47
4.13
4.08
4.03
3.42
3.37
3.98
3.93
3.31
3.26
3.21
3.88
3.16
3.11
3.06
3.01
2.96
2.91
2.86
2.8
2.75
2.7
2.65
2.6
2.55
2.5
2.45
2.4
2.35
2.29
2.24
2.19
2.14
2.09
2.04
1.99
1.94
1.89
1.84
1.78
1.73
1.68
1.63
1.58
1.53
1.48
1.43
1.38
1.33
1.27
1.22
1.17
1.12
1.07
1.02
0.97
0.92
0.87
0.82
0.76
0.71
0.66
0.61
0.56
0.51
0.46
0.31
0.2
0.41
0.36
0.15
0.25
0.1
0.05